179.953873
177.669983
172.943985
170.056961
170.225037
170.244827
173.102188
173.547104
170.244827
171.114914
167.881851
164.352142
162.651581
160.575317
159.79422
157.975006
157.886063
157.421341
168.405853
172.805557
172.637497
173.853592
170.946793
170.659744
169.937042
173.075226
174.510681
170.392441
166.947372
167.184937
171.055725
170.81813
167.184937
165.620819
162.670731
158.463394
161.106598
163.195404
163.462692
161.561966
164.888245
164.561539
161.532257
157.701111
155.859787
161.314484
156.928925
153.176971
149.108215
153.533356
157.98822
159.007828
162.334137
163.720093
167.125549
168.501602
172.322861
172.966324
173.837509
177.163788
175.985733
172.857452
172.560425
176.649017
173.302902
170.105347
170.412231
168.382797
164.086349
165.977219
168.689682
163.630997
163.413208
165.719818
165.551514
164.749634
160.166107
161.245178
155.226227
154.99852
161.997528
156.067657
156.374557
157.879303
164.353653
155.196503
155.930145
150.754959
153.183914
145.242661
141.336487
145.847443
144.290878
147.959167
139.61142
136.171188
136.409134
141.88176
139.15535
139.313995
142.546005
148.355713
147.562576
147.433716
149.912247
144.132294
144.885773
147.433716
146.69017
141.415802
135.953094
130.748154
131.620575
134.267654
128.943787
130.430893
134.703888
134.188385
137.083313
140.444214
140.444214
136.260406
138.035049
135.5466
137.73764
140.345062
141.69339
145.093964
145.77803
143.626663
144.608154
144.241348
147.19577
148.881149
145.807785
149.704041
151.726517
154.016708
152.767517
151.637299
150.29892
155.444351
155.999542
161.11525
160.12384
158.636703
164.704208
164.386948
164.1586
163.682037
163.731705
168.020584
167.27597
170.859955
171.942093
171.783264
173.292297
172.895187
170.284134
166.362595
166.025055
166.322891
168.804871
162.441055
160.217209
157.764999
156.087173
156.821854
154.687347
153.416534
154.836258
153.347076
156.236084
162.252426
152.731522
154.190933
151.27211
149.614151
153.366913
155.769485
152.612411
151.63945
149.3461
149.683655
150.666519
148.760345
141.453369
137.204224
141.423584
145.047302
145.345123
144.382095
139.080612
139.408234
137.978607
137.343216
141.959717
137.382935
141.383896
142.714233
142.823441
142.356827
146.208878
148.373154
151.24234
148.27388
143.756653
154.617844
152.235123
149.564499
143.985016
137.879333
137.61084
138.147812
138.724594
134.120331
146.053619
148.867905
147.455795
149.206009
147.962952
149.882217
150.449051
147.187302
149.34523
150.230286
147.286743
143.418365
140.385315
147.207184
147.485626
146.988419
145.814972
142.115646
140.156601
141.857086
141.369812
143.686859
144.661423
142.413986
135.741272
133.762344
131.634216
131.564621
134.697113
131.49501
131.12706
129.307236
125.339409
128.889572
129.207779