110.761475
112.776855
113.510559
114.476448
116.120316
116.194618
118.850807
118.256416
117.764183
119.770264
120.160332
119.723831
119.2966
117.866333
118.117096
123.141571
123.234459
125.723465
121.302673
121.971359
125.184792
125.76062
124.636848
126.197144
128.676849
126.717255
127.971008
126.345726
128.918335
126.930855
126.001724
126.039284
125.391724
125.213402
124.256134
127.212379
126.55545
131.745316
135.142609
140.510803
144.65892
146.610977
148.891479
152.073013
160.040771
156.042831
160.312943
160.388
156.465149
148.54425
148.009338
150.571411
151.782059
154.513077
153.996902
155.658035
156.070984
158.895828
156.117905
154.212784
155.301407
152.814423
154.118896
154.259674
153.311798
154.672623
156.821747
159.477676
155.37648
158.614273
161.110641
161.035583
163.194107
161.260818
161.91777
154.456757
151.050049
147.802887
146.901917
146.629761
151.838394
147.03331
149.923843
152.495316
157.281616
156.033432
160.190933
149.454605
150.890488
153.12413
154.578766
157.544388
162.368225
163.325485
159.020248
157.884766
158.793152
162.483368
163.353882
165.974915
167.091431
168.690521
165.265228
166.835953
166.533157
168.047104
167.318497
170.507248
171.387238
167.97139
165.965424
158.329514
158.537659
155.424637
147.116898
140.398804
146.274765
139.916229
134.76886
136.982971
139.632385
141.874908
139.074097
136.992432
138.629395
134.986496
133.207581
135.800232
135.090576
133.898315
131.447647
130.567688
128.627945
130.245956
132.072159
136.831573
138.638855
137.579086
136.434174
140.493423
139.395828
141.231476
142.300705
154.970459
151.876343
150.580032
147.003357
143.01033
145.375885
145.158234
147.050674
147.438629
151.03421
151.251877
148.375366
147.996872
149.217484
151.833679
150.563766
149.809464
154.669449
155.815216
157.180573
156.025269
157.190155
153.361343
150.917038
148.510925
150.716537
150.019547
148.100372
148.90239
152.740738
155.156403
152.206024
155.891602
153.361343
149.379822
149.809464
149.217484
148.004898
147.89032
138.227646
134.589828
134.647125
139.192001
138.227646
137.177368
144.873123
150.5065
151.365829
154.125198
152.798035
150.03862
150.067261
150.516037
157.810776
152.903046
154.020172
155.366455
160.407852
161.324478
165.363297
165.30603
167.024673
169.087036
169.860443
171.846436
172.724884
173.985229
170.433334
172.944504
175.130997
177.222015
176.964233
169.889099
173.106812
178.033615
178.119537
179.551758
176.630035
177.130371
176.07196
174.388138
178.862335
177.274719
176.755112
171.617004
174.186066
176.379852
175.590866
174.186066
169.885056
165.507065
165.997772
166.979218
161.648682
163.33252
166.969604
165.814987
164.57373
162.341461
163.457596
166.142105
168.095367
165.574432
170.693298
172.839005
170.289185
171.578522
172.7043